1 25.4
2 27.3
3 26.7
4 28.1
5 29.0
6 30.2
7 26.5
8 25.9
9 27.7
10 28.4
11 26.8
12 29.1
13 30.0
14 28.6
15 27.2
16 26.3
17 29.4
18 27.9
19 28.5
20 29.8
21 30.3
22 27.6
23 26.7
24 28.2
25 29.3
26 30.1
27 28.7
28 27.4
29 26.2
30 28.8
31 29.7
32 30.4
33 27.5
34 26.9
35 28.3
36 29.5
37 30.6
38 28.9
39 27.8
40 26.6
41 29.9
42 30.5
43 27.1
44 28.0
45 29.6
46 30.7
47 28.4
48 27.3
49 26.5
50 28.1
51 29.2
52 30.8
53 27.0
54 26.8
55 28.6
56 29.4
57 30.0
58 28.9
59 27.7
60 26.7
61 29.1
62 30.3
63 28.2
64 27.9