1 75.1
2 74.8
3 73.9
4 76.2
5 75.4
6 77.1
7 74.5
8 75.6
9 73.3
10 74.9
11 75.7
12 73.2
13 76.1
14 75.3
15 74.6
16 73.5
17 76.0
18 75.9
19 74.8
20 75.6
21 76.3
22 74.2
23 75.1
24 74.0
25 75.4
26 76.5
27 74.8
28 75.7
29 73.9
30 74.6
31 75.8
32 74.5
33 75.0
34 73.8
35 75.9
36 74.7
37 76.3
38 74.5
39 75.6
40 74.1
41 76.2
42 75.3
43 73.6
44 74.4
45 75.7
46 76.1
47 74.9
48 75.6
49 74.3
50 75.0
51 74.7
52 75.9
53 73.8
54 74.9
55 75.5
56 74.2
57 75.3
58 76.0
59 74.4
60 75.8
61 74.6
62 75.2
63 74.3
64 75.9
