1 12.3
2 13.4
3 14.1
4 15.0
5 11.9
6 12.8
7 14.7
8 13.6
9 12.4
10 13.2
11 14.0
12 13.9
13 12.1
14 14.3
15 15.1
16 12.7
17 13.5
18 14.8
19 12.2
20 13.3
21 14.9
22 12.6
23 13.7
24 14.5
25 12.9
26 13.1
27 15.0
28 12.3
29 13.4
30 14.6
31 12.8
32 13.9
33 14.2
34 12.5
35 13.3
36 14.4
37 12.0
38 13.8
39 12.9
40 14.7
41 12.4
42 13.1
43 14.9
44 13.5
45 12.7
46 14.1
47 13.4
48 14.2
49 12.6
50 13.0
51 14.5
52 12.3
53 13.7
54 14.8
55 12.9
56 13.3
57 14.6
58 12.7
59 13.5
60 14.4
61 12.1
62 13.9
63 14.0
64 13.2
