1 29.5
2 30.1
3 28.4
4 29.8
5 27.6
6 31.2
7 29.9
8 28.5
9 30.0
10 29.3
11 30.2
12 27.9
13 28.8
14 29.7
15 30.5
16 28.1
17 29.4
18 29.6
19 30.0
20 28.3
21 29.1
22 29.9
23 28.7
24 29.4
25 29.2
26 30.0
27 29.8
28 28.2
29 30.4
30 29.0
31 30.3
32 28.6
33 29.5
34 30.1
35 28.9
36 29.6
37 28.5
38 30.2
39 29.7
40 28.8
41 29.9
42 30.4
43 28.1
44 29.0
45 30.3
46 29.5
47 30.1
48 28.6
49 29.2
50 30.0
51 28.3
52 29.9
53 30.4
54 28.7
55 29.5
56 30.1
57 28.9
58 30.3
59 28.2
60 29.7
61 30.0
62 29.8
63 28.4
64 29.6
